3 4 16 17 21 18 5 8 7 10 15 1 6 12 19 11 9 2 14 13 20

>>>>> REC <<<<<
leftovers = 20 
sorted pairs:
[3 :4][16 :17][18 :21][5 :8][7 :10][1 :15][6 :12][11 :19][2 :9][13 :14]
>>>>> REC <<<<<
leftovers = NULL
sorted pairs:
[3 4 :16 17][5 8 :18 21][7 10 :1 15][6 12 :11 19][2 9 :13 14]
[3 4 :16 17][5 8 :18 21][7 10 :1 15][6 12 :11 19][2 9 :13 14]
>>>>> REC <<<<<
leftovers = 2 9 13 14 
sorted pairs:
[3 4 16 17 :5 8 18 21][7 10 1 15 :6 12 11 19]
>>>>> REC <<<<<
leftovers = NULL
sorted pairs:
[7 10 1 15 6 12 11 19 :3 4 16 17 5 8 18 21]

>>>>> REV <<<<<
[7 10 1 15 6 12 11 19 :3 4 16 17 5 8 18 21]
main_chain : 3 4 16 17 5 8 18 21
paned : 7 10 1 15 6 12 11 19
result : 7 10 1 15 6 12 11 19 3 4 16 17 5 8 18 21 
7 10 1 15 6 12 11 19 3 4 16 17 5 8 18 21 
>>>>> REV <<<<<
[7 10 1 15 :6 12 11 19 ][3 4 16 17 :5 8 18 21]
main_chain : 6 12 11 19 ,5 8 18 21
paned : 7 10 1 15 ,3 4 16 17 ,2 9 13 14
result : 2 9 13 14 7 10 1 15 3 4 16 17 6 12 11 19 5 8 18 21
2 9 13 14 7 10 1 15 3 4 16 17 6 12 11 19 5 8 18 21
>>>>> REV <<<<<
[2 9 :13 14 ][7 10 :1 15 ][3 4 :16 17 ][6 12 :11 19 ][5 8 :18 21]
main_chain : 13 14 ,1 15 ,16 17 ,11 19 ,18 21
paned : 2 9 ,7 10 ,3 4 ,6 12 ,5 8
result : 3 4 5 8 2 9 7 10 6 12 13 14 1 15 16 17 11 19 18 21
3 4 5 8 2 9 7 10 6 12 13 14 1 15 16 17 11 19 18 21
>>>>> REV <<<<<
[3 :4 ][5 :8 ][2 :9][7 :10][6 :12][13 :14 ][1 :15][16 :17][11 :19][18 :21]
main_chain : 4 ,8 ,9 ,10 ,12 ,14 ,15 ,17 ,19 ,21
paned : 3 ,5 ,2 ,7 ,6 ,13 ,1 ,16 ,11 ,18 ,20
result : 1 2 3 4 5 6 7 8 9 10 11 12 13 14 15 16 17 18 19 20 21
1 2 3 4 5 6 7 8 9 10 11 12 13 14 15 16 17 18 19 20 21


result
1 2 3 4 5 6 7 8 9 10 11 12 13 14 15 16 17 18 19 20 21
comparison : 66
